1 20580U 90037B   99281.14031756  .00009273  00000-0  77456-3 0  1658
2 20580  28.4670 184.3643 0003845 296.1517 241.3803 14.96935671482617
1 20580U 90037B   02281.14031756  .00009273  00000-0  77456-3 0  1652
2 20580  28.4670 184.3643 0003845 296.1517 241.3803 14.96935671482617
1 20580U 90037B   02283.12662037  .00005195  00000-0  42795-3 0  1662
2 20580  28.4670 171.4721 0004134 322.3240 140.3532 14.96950768482912
1 20580U 90037B   02283.78649071  .00004569  00000-0  37473-3 0  1679
2 20580  28.4676 167.1938 0004185 329.3505  96.3566 14.96955919483019
1 20580U 90037B   02284.71901822  .00006152  00000-0  50899-3 0  1697
2 20580  28.4658 161.1467 0004260 341.7937  79.2126 14.96968153483152
1 20580U 90037B   02285.12858796  .00003145  00000-0  25359-3 0  1708
2 20580  28.4657 158.4865 0004565 349.0278 123.5056 14.96967388483210
1 20580U 90037B   02285.64703095  .00008422  00000-0  70131-3 0  1718
2 20580  28.4654 155.1353 0005452 356.4333  35.5197 14.96983998483294
1 20580U 90037B   02286.72141992  .00009000  00000-0  75032-3 0  1729
2 20580  28.4654 148.1553 0003909 358.5114  74.8176 14.96989126483453
1 20580U 90037B   02287.79333994  .00018824  00000-0  15814-2 0  1738
2 20580  28.4721 141.2602 0002369  24.8347  76.5382 14.97010372483612
1 20580U 90037B   02289.99817447  .00004665  00000-0  38224-3 0  1753
2 20580  28.4667 126.8953 0004335  35.3279  91.7290 14.97019226483945
1 20580U 90037B   02291.93010201  .00005454  00000-0  44897-3 0  1764
2 20580  28.4655 114.3679 0003976  58.4857  60.7207 14.97037885484235
1 20580U 90037B   02300.17883102  .00003492  00000-0  28207-3 0  1890
2 20580  28.4676  60.8371 0004418 136.9690 245.5546 14.97102362485470
1 20580U 90037B   02300.57893519  .00003255  00000-0  26203-3 0  1900
2 20580  28.4678  58.2385 0004402 138.8928 244.2526 14.97105256485532
1 20580U 90037B   02300.57893519  .00003255  00000-0  26203-3 0  1900
2 20580  28.4678  58.2385 0004402 138.8928 244.2526 14.97105256485532
1 20580U 90037B   02300.89353009  .00003470  00000-0  28017-3 0  1915
2 20580  28.4681  56.1979 0004399 142.1415 139.8630 14.97107623485575
1 20580U 90037B   02301.31310046  .00004861  00000-0  39789-3 0  1921
2 20580  28.4682  53.4754 0004411 145.6495 242.1055 14.97113325485641
1 20580U 90037B   02301.66335020  .00003565  00000-0  28817-3 0  1940
2 20580  28.4693  51.2032 0004430 149.8817 329.2810 14.97113832485697
1 20580U 90037B   02305.66450448  .00003728  00000-0  30171-3 0  1987
2 20580  28.4682  25.2367 0004213 191.8840 294.4613 14.97146131486298
1 20580U 90037B   02306.39201942  .00004100  00000-0  33311-3 0  1996
2 20580  28.4671  20.5257 0004305 203.0571 252.0847 14.97152083486406
1 20580U 90037B   02306.66555769  .00004651  00000-0  37961-3 0  2004
2 20580  28.4678  18.7410 0004323 201.1290 291.2190 14.97156085486446
1 20580U 90037B   02307.59620822  .00004735  00000-0  38665-3 0  2016
2 20580  28.4678  12.7054 0004506 210.4979 267.6832 14.97164691486581
1 20580U 90037B   02308.25258634  .00005989  00000-0  49247-3 0  2029
2 20580  28.4679   8.4471 0004533 216.9728 205.9008 14.97174149486680
1 20580U 90037B   02309.25400758  .00005167  00000-0  42296-3 0  2032
2 20580  28.4684   1.9468 0004194 229.3480 201.6029 14.97182769486836
1 20580U 90037B   02310.46495403  .00005678  00000-0  46596-3 0  2054
2 20580  28.4679 354.0919 0004266 239.6125 250.9888 14.97195549487014
1 20580U 90037B   02311.32387159  .00004657  00000-0  37973-3 0  2064
2 20580  28.4679 348.5180 0004133 247.7731 201.3976 14.97202431487149
1 20580U 90037B   02316.46487416  .00005765  00000-0  47267-3 0  2137
2 20580  28.4677 315.1476 0003728 306.3517 187.2334 14.97251832487912
1 20580U 90037B   02317.11891471  .00005475  00000-0  44815-3 0  2145
2 20580  28.4678 310.9019 0003751 315.2833 110.5705 14.97258658488011
1 20580U 90037B   02317.11891471  .00005475  00000-0  44815-3 0  2145
2 20580  28.4678 310.9019 0003751 315.2833 110.5705 14.97258658488011
1 20580U 90037B   02319.19400321  .00004179  00000-0  33874-3 0  2160
2 20580  28.4670 297.4308 0003782 340.9067 131.9394 14.97275576488324
1 20580U 90037B   02320.32811882  .00004387  00000-0  35616-3 0  2173
2 20580  28.4667 290.0729 0003434 350.3283 127.6292 14.97285683488492
1 20580U 90037B   02321.32872633  .00003876  00000-0  31304-3 0  2188
2 20580  28.4671 283.5781 0003421   2.1131 119.9389 14.97293374488646
1 20580U 90037B   02323.19583846  .00004304  00000-0  34899-3 0  2202
2 20580  28.4661 271.4567 0003875  19.9509 106.0977 14.97308388488924
1 20580U 90037B   02323.19583846  .00004304  00000-0  34899-3 0  2202
2 20580  28.4661 271.4567 0003875  19.9509 106.0977 14.97308388488924
1 20580U 90037B   02323.19583846  .00004304  00000-0  34899-3 0  2202
2 20580  28.4661 271.4567 0003875  19.9509 106.0977 14.97308388488924
1 20580U 90037B   02323.19583846  .00004304  00000-0  34899-3 0  2202
2 20580  28.4661 271.4567 0003875  19.9509 106.0977 14.97308388488924
1 20580U 90037B   02323.19583846  .00004304  00000-0  34899-3 0  2202
2 20580  28.4661 271.4567 0003875  19.9509 106.0977 14.97308388488924
1 20580U 90037B   02323.19583846  .00004304  00000-0  34899-3 0  2202
2 20580  28.4661 271.4567 0003875  19.9509 106.0977 14.97308388488924
1 20580U 90037B   02323.19583846  .00004304  00000-0  34899-3 0  2202
2 20580  28.4661 271.4567 0003875  19.9509 106.0977 14.97308388488924
1 20580U 90037B   02323.19583846  .00004304  00000-0  34899-3 0  2202
2 20580  28.4661 271.4567 0003875  19.9509 106.0977 14.97308388488924
1 20580U 90037B   02323.19583846  .00004304  00000-0  34899-3 0  2202
2 20580  28.4661 271.4567 0003875  19.9509 106.0977 14.97308388488924
1 20580U 90037B   02323.19583846  .00004304  00000-0  34899-3 0  2202
2 20580  28.4661 271.4567 0003875  19.9509 106.0977 14.97308388488924
1 20580U 90037B   02323.19583846  .00004304  00000-0  34899-3 0  2202
2 20580  28.4661 271.4567 0003875  19.9509 106.0977 14.97308388488924
1 20580U 90037B   02323.19583846  .00004304  00000-0  34899-3 0  2202
2 20580  28.4661 271.4567 0003875  19.9509 106.0977 14.97308388488924
1 20580U 90037B   02323.19583846  .00004304  00000-0  34899-3 0  2202
2 20580  28.4661 271.4567 0003875  19.9509 106.0977 14.97308388488924
1 20580U 90037B   02323.19583846  .00004304  00000-0  34899-3 0  2202
2 20580  28.4661 271.4567 0003875  19.9509 106.0977 14.97308388488924
1 20580U 90037B   02323.19583846  .00004304  00000-0  34899-3 0  2202
2 20580  28.4661 271.4567 0003875  19.9509 106.0977 14.97308388488924
1 20580U 90037B   02323.19583846  .00004304  00000-0  34899-3 0  2202
2 20580  28.4661 271.4567 0003875  19.9509 106.0977 14.97308388488924
1 20580U 90037B   02325.26237759  .00003003  00000-0  23932-3 0  2246
2 20580  28.4671 258.0394 0003895  47.5846  79.6698 14.97323646489231
1 20580U 90037B   02328.85159946  .00002847  00000-0  22600-3 0  2296
2 20580  28.4663 234.7471 0004081  89.0969 343.5257 14.97350889489776
1 20580U 90037B   02326.25914352  .00006185  00000-0  50689-3 0  2251
2 20580  28.4666 251.5690 0004665  50.3452  60.3968 14.97337578489385
1 20580U 90037B   02326.84962384  .00006265  00000-0  51352-3 0  2262
2 20580  28.4669 247.7381 0004567  58.5504   1.3747 14.97344727489475
1 20580U 90037B   02327.98880222  .00002947  00000-0  23445-3 0  2285
2 20580  28.4663 240.3490 0004036  80.4741  12.1574 14.97346051489646
1 20580U 90037B   02328.85159946  .00002847  00000-0  22600-3 0  2296
2 20580  28.4663 234.7471 0004081  89.0969 343.5257 14.97350889489776
1 20580U 90037B   02330.12618257  .00003501  00000-0  28096-3 0  2309
2 20580  28.4661 226.4728 0004145 101.2466  15.4598 14.97359147489967
1 20580U 90037B   02330.12618257  .00003501  00000-0  28096-3 0  2309
2 20580  28.4661 226.4728 0004145 101.2466  15.4598 14.97359147489967
1 20580U 90037B   02330.12618257  .00003501  00000-0  28096-3 0  2309
2 20580  28.4661 226.4728 0004145 101.2466  15.4598 14.97359147489967
1 20580U 90037B   02330.12618257  .00003501  00000-0  28096-3 0  2309
2 20580  28.4661 226.4728 0004145 101.2466  15.4598 14.97359147489967
1 20580U 90037B   02333.78566949  .00002819  00000-0  22344-3 0  2349
2 20580  28.4658 202.7150 0004576 139.4721 302.4919 14.97379183490515
1 20580U 90037B   02335.06059951  .00000751  00000-0  49505-4 0  2355
2 20580  28.4655 194.4375 0004557 152.5903 335.4543 14.97382156490709
1 20580U 90037B   02335.06059951  .00000751  00000-0  49505-4 0  2355
2 20580  28.4655 194.4375 0004557 152.5903 335.4543 14.97382156490709
1 20580U 90037B   02335.06059951  .00000751  00000-0  49505-4 0  2355
2 20580  28.4655 194.4375 0004557 152.5903 335.4543 14.97382156490709
1 20580U 90037B   02336.92742204  .00002332  00000-0  18238-3 0  2378
2 20580  28.4650 182.3109 0004178 165.3649 325.7241 14.97394939490982
1 20580U 90037B   02336.92742204  .00002332  00000-0  18238-3 0  2378
2 20580  28.4650 182.3109 0004178 165.3649 325.7241 14.97394939490982
1 20580U 90037B   02336.92742204  .00002332  00000-0  18238-3 0  2378
2 20580  28.4650 182.3109 0004178 165.3649 325.7241 14.97394939490982
1 20580U 90037B   02336.92742204  .00002332  00000-0  18238-3 0  2378
2 20580  28.4650 182.3109 0004178 165.3649 325.7241 14.97394939490982
1 20580U 90037B   02336.92742204  .00002332  00000-0  18238-3 0  2378
2 20580  28.4650 182.3109 0004178 165.3649 325.7241 14.97394939490982
1 20580U 90037B   02337.99286201  .00003198  00000-0  25516-3 0  2385
2 20580  28.4651 175.3943 0004617 178.7918 306.9663 14.97402281491144
1 20580U 90037B   02337.99286201  .00003198  00000-0  25516-3 0  2385
2 20580  28.4651 175.3943 0004617 178.7918 306.9663 14.97402281491144
1 20580U 90037B   02337.99286201  .00003198  00000-0  25516-3 0  2385
2 20580  28.4651 175.3943 0004617 178.7918 306.9663 14.97402281491144
1 20580U 90037B   02337.99286201  .00003198  00000-0  25516-3 0  2385
2 20580  28.4651 175.3943 0004617 178.7918 306.9663 14.97402281491144
1 20580U 90037B   02337.99286201  .00003198  00000-0  25516-3 0  2385
2 20580  28.4651 175.3943 0004617 178.7918 306.9663 14.97402281491144
1 20580U 90037B   02337.99286201  .00003198  00000-0  25516-3 0  2385
2 20580  28.4651 175.3943 0004617 178.7918 306.9663 14.97402281491144
1 20580U 90037B   02337.99286201  .00003198  00000-0  25516-3 0  2385
2 20580  28.4651 175.3943 0004617 178.7918 306.9663 14.97402281491144
1 20580U 90037B   02337.99286201  .00003198  00000-0  25516-3 0  2385
2 20580  28.4651 175.3943 0004617 178.7918 306.9663 14.97402281491144
1 20580U 90037B   02337.99286201  .00003198  00000-0  25516-3 0  2385
2 20580  28.4651 175.3943 0004617 178.7918 306.9663 14.97402281491144
1 20580U 90037B   02337.99286201  .00003198  00000-0  25516-3 0  2385
2 20580  28.4651 175.3943 0004617 178.7918 306.9663 14.97402281491144
1 20580U 90037B   02337.99286201  .00003198  00000-0  25516-3 0  2385
2 20580  28.4651 175.3943 0004617 178.7918 306.9663 14.97402281491144
1 20580U 90037B   02337.99286201  .00003198  00000-0  25516-3 0  2385
2 20580  28.4651 175.3943 0004617 178.7918 306.9663 14.97402281491144
1 20580U 90037B   02339.92455632  .00000927  00000-0  64236-4 0  2410
2 20580  28.4654 162.8508 0004423 196.8671 282.4393 14.97415592491436
1 20580U 90037B   02342.86265524  .00003614  00000-0  28987-3 0  2458
2 20580  28.4651 143.7745 0004070 227.5918 281.2386 14.97431989491873
1 20580U 90037B   02342.86265524  .00003614  00000-0  28987-3 0  2458
2 20580  28.4651 143.7745 0004070 227.5918 281.2386 14.97431989491873
1 20580U 90037B   02343.51303206  .00003665  00000-0  29414-3 0  2464
2 20580  28.4652 139.5527 0004156 233.6982 188.0366 14.97436602491979
1 20580U 90037B   02342.86265524  .00003614  00000-0  28987-3 0  2458
2 20580  28.4651 143.7745 0004070 227.5918 281.2386 14.97431989491873
1 20580U 90037B   02343.78434438  .00002953  00000-0  23439-3 0  2476
2 20580  28.4657 137.7920 0004223 235.5708 211.6127 14.97436759492010
1 20580U 90037B   02343.78434438  .00002953  00000-0  23439-3 0  2476
2 20580  28.4657 137.7920 0004223 235.5708 211.6127 14.97436759492010
1 20580U 90037B   02343.78434438  .00002953  00000-0  23439-3 0  2476
2 20580  28.4657 137.7920 0004223 235.5708 211.6127 14.97436759492010
1 20580U 90037B   02343.78434438  .00002953  00000-0  23439-3 0  2476
2 20580  28.4657 137.7920 0004223 235.5708 211.6127 14.97436759492010
1 20580U 90037B   02343.78434438  .00002953  00000-0  23439-3 0  2476
2 20580  28.4657 137.7920 0004223 235.5708 211.6127 14.97436759492010
1 20580U 90037B   02343.78434438  .00002953  00000-0  23439-3 0  2476
2 20580  28.4657 137.7920 0004223 235.5708 211.6127 14.97436759492010
1 20580U 90037B   02344.85698950  .00004247  00000-0  34294-3 0  2509
2 20580  28.4660 130.8276 0003991 249.7099 231.2136 14.97445116492175
1 20580U 90037B   02345.92662037  .00003657  00000-0  29334-3 0  2519
2 20580  28.4661 123.8832 0003680 261.6170 236.7934 14.97451654492332
1 20580U 90037B   02345.92662037  .00003657  00000-0  29334-3 0  2519
2 20580  28.4661 123.8832 0003680 261.6170 236.7934 14.97451654492332
1 20580U 90037B   02345.92662037  .00003657  00000-0  29334-3 0  2519
2 20580  28.4661 123.8832 0003680 261.6170 236.7934 14.97451654492332
1 20580U 90037B   02345.92662037  .00003657  00000-0  29334-3 0  2519
2 20580  28.4661 123.8832 0003680 261.6170 236.7934 14.97451654492332
1 20580U 90037B   02345.92662037  .00003657  00000-0  29334-3 0  2519
2 20580  28.4661 123.8832 0003680 261.6170 236.7934 14.97451654492332
1 20580U 90037B   02345.92662037  .00003657  00000-0  29334-3 0  2519
2 20580  28.4661 123.8832 0003680 261.6170 236.7934 14.97451654492332
1 20580U 90037B   02345.92662037  .00003657  00000-0  29334-3 0  2519
2 20580  28.4661 123.8832 0003680 261.6170 236.7934 14.97451654492332
1 20580U 90037B   02346.58778832  .00002949  00000-0  23392-3 0  2525
2 20580  28.4663 119.5905 0003615 266.5701 203.0780 14.97455350492433
1 20580U 90037B   02349.37744979  .00004705  00000-0  38099-3 0  2577
2 20580  28.4665 101.4763 0003602 302.4126 115.4524 14.97478121492853
1 20580U 90037B   02349.85532407  .00005172  00000-0  42013-3 0  2582
2 20580  28.4663  98.3729 0003756 309.6859 169.4127 14.97482259492922
1 20580U 90037B   02349.85532407  .00005172  00000-0  42013-3 0  2582
2 20580  28.4663  98.3729 0003756 309.6859 169.4127 14.97482259492922
1 20580U 90037B   02349.85532407  .00005172  00000-0  42013-3 0  2582
2 20580  28.4663  98.3729 0003756 309.6859 169.4127 14.97482259492922
1 20580U 90037B   02350.72267142  .00005390  00000-0  43832-3 0  2594
2 20580  28.4661  92.7419 0003841 319.3563 164.7363 14.97490343493057
1 20580U 90037B   02350.72267142  .00005390  00000-0  43832-3 0  2594
2 20580  28.4661  92.7419 0003841 319.3563 164.7363 14.97490343493057
1 20580U 90037B   02350.72267142  .00005390  00000-0  43832-3 0  2594
2 20580  28.4661  92.7419 0003841 319.3563 164.7363 14.97490343493057
1 20580U 90037B   02350.72267142  .00005390  00000-0  43832-3 0  2594
2 20580  28.4661  92.7419 0003841 319.3563 164.7363 14.97490343493057
1 20580U 90037B   02350.72267142  .00005390  00000-0  43832-3 0  2594
2 20580  28.4661  92.7419 0003841 319.3563 164.7363 14.97490343493057
1 20580U 90037B   02350.72267142  .00005390  00000-0  43832-3 0  2594
2 20580  28.4661  92.7419 0003841 319.3563 164.7363 14.97490343493057
1 20580U 90037B   02350.72267142  .00005390  00000-0  43832-3 0  2594
2 20580  28.4661  92.7419 0003841 319.3563 164.7363 14.97490343493057
1 20580U 90037B   02350.72267142  .00005390  00000-0  43832-3 0  2594
2 20580  28.4661  92.7419 0003841 319.3563 164.7363 14.97490343493057
1 20580U 90037B   02350.72267142  .00005390  00000-0  43832-3 0  2594
2 20580  28.4661  92.7419 0003841 319.3563 164.7363 14.97490343493057
1 20580U 90037B   02350.72267142  .00005390  00000-0  43832-3 0  2594
2 20580  28.4661  92.7419 0003841 319.3563 164.7363 14.97490343493057
1 20580U 90037B   02350.72267142  .00005390  00000-0  43832-3 0  2594
2 20580  28.4661  92.7419 0003841 319.3563 164.7363 14.97490343493057
1 20580U 90037B   02350.72267142  .00005390  00000-0  43832-3 0  2594
2 20580  28.4661  92.7419 0003841 319.3563 164.7363 14.97490343493057
1 20580U 90037B   02350.72267142  .00005390  00000-0  43832-3 0  2594
2 20580  28.4661  92.7419 0003841 319.3563 164.7363 14.97490343493057
1 20580U 90037B   02350.72267142  .00005390  00000-0  43832-3 0  2594
2 20580  28.4661  92.7419 0003841 319.3563 164.7363 14.97490343493057
1 20580U 90037B   02350.72267142  .00005390  00000-0  43832-3 0  2594
2 20580  28.4661  92.7419 0003841 319.3563 164.7363 14.97490343493057
1 20580U 90037B   02350.72267142  .00005390  00000-0  43832-3 0  2594
2 20580  28.4661  92.7419 0003841 319.3563 164.7363 14.97490343493057
1 20580U 90037B   02350.72267142  .00005390  00000-0  43832-3 0  2594
2 20580  28.4661  92.7419 0003841 319.3563 164.7363 14.97490343493057
1 20580U 90037B   02350.72267142  .00005390  00000-0  43832-3 0  2594
2 20580  28.4661  92.7419 0003841 319.3563 164.7363 14.97490343493057
1 20580U 90037B   02350.72267142  .00005390  00000-0  43832-3 0  2594
2 20580  28.4661  92.7419 0003841 319.3563 164.7363 14.97490343493057
1 20580U 90037B   02350.72267142  .00005390  00000-0  43832-3 0  2594
2 20580  28.4661  92.7419 0003841 319.3563 164.7363 14.97490343493057
1 20580U 90037B   02351.65054565  .00004247  00000-0  34249-3 0  2604
2 20580  28.4657  86.7232 0003685 326.7340 129.3137 14.97496753493191
1 20580U 90037B   02351.65054565  .00004247  00000-0  34249-3 0  2604
2 20580  28.4657  86.7232 0003685 326.7340 129.3137 14.97496753493191
1 20580U 90037B   02352.72407510  .00008494  00000-0  69791-3 0  2614
2 20580  28.4664  79.7540 0003702 338.7559 156.0426 14.97510769493358
1 20580U 90037B   02353.65471071  .00044525  00000-0  36955-2 0  2621
2 20580  28.4673  73.7046 0003852 351.1892 130.5377 14.97523796493499
1 20580U 90037B   02356.53738426  .00006405  00000-0  52258-3 0  2665
2 20580  28.4679  54.9909 0004022  21.2801 191.6929 14.97542174493929
1 20580U 90037B   02356.89695602  .00004260  00000-0  34314-3 0  2673
2 20580  28.4679  52.6553 0004152  24.0565 331.2212 14.97542455493975
1 20580U 90037B   02359.90089120 +.00004224 +00000-0 +33991-3 0 02760
2 20580 028.4689 033.1470 0004360 057.5139 324.3451 14.97567635494434
1 20580U 90037B   02360.51956260  .00004528  00000-0  36528-3 0  2774
2 20580  28.4689  29.1303 0004343  64.1838  59.6316 14.97573356494520
1 20580U 90037B   02360.51956260  .00004528  00000-0  36528-3 0  2774
2 20580  28.4689  29.1303 0004343  64.1838  59.6316 14.97573356494520
1 20580U 90037B   02360.51956260  .00004528  00000-0  36528-3 0  2774
2 20580  28.4689  29.1303 0004343  64.1838  59.6316 14.97573356494520
1 20580U 90037B   02361.45672012  .00003295  00000-0  26215-3 0  2781
2 20580  28.4693  23.0452 0004491  72.1911  73.9963 14.97576946494668
1 20580U 90037B   02361.45672012  .00003295  00000-0  26215-3 0  2781
2 20580  28.4693  23.0452 0004491  72.1911  73.9963 14.97576946494668
1 20580U 90037B   02363.17800486  .00002113  00000-0  16319-3 0  2793
2 20580  28.4691  11.8658 0004211  86.1016 358.2420 14.97585667494926
1 20580U 90037B   02363.45137041  .00003654  00000-0  29204-3 0  2804
2 20580  28.4679  10.0934 0004200  92.2955  28.7382 14.97588757494961
1 20580U 90037B   02363.45137041  .00003654  00000-0  29204-3 0  2804
2 20580  28.4679  10.0934 0004200  92.2955  28.7382 14.97588757494961
1 20580U 90037B   02365.38882888  .00003615  00000-0  28874-3 0  2825
2 20580  28.4672 357.5210 0004302 113.1082  33.8768 14.97596464495259
1 20580U 90037B   03001.10995376  .00001871  00000-0  14291-3 0  2831
2 20580  28.4672 352.8393 0004303 122.8333 319.6121 14.97597227495364
1 20580U 90037B   03001.10995376  .00001871  00000-0  14291-3 0  2831
2 20580  28.4672 352.8393 0004303 122.8333 319.6121 14.97597227495364
1 20580U 90037B   03001.10995376  .00001871  00000-0  14291-3 0  2831
2 20580  28.4672 352.8393 0004303 122.8333 319.6121 14.97597227495364
1 20580U 90037B   03001.10995376  .00001871  00000-0  14291-3 0  2831
2 20580  28.4672 352.8393 0004303 122.8333 319.6121 14.97597227495364
1 20580U 90037B   03005.19440972  .00003101  00000-0  24565-3 0  2878
2 20580  28.4670 326.3033 0004342 158.4868  28.0001 14.97614829495973
1 20580U 90037B   03006.18387924  .00002300  00000-0  17863-3 0  2889
2 20580  28.4675 319.8796 0004390 168.7326 322.8624 14.97618661496129
1 20580U 90037B   03006.18387924  .00002300  00000-0  17863-3 0  2889
2 20580  28.4675 319.8796 0004390 168.7326 322.8624 14.97618661496129
1 20580U 90037B   03006.18387924  .00002300  00000-0  17863-3 0  2889
2 20580  28.4675 319.8796 0004390 168.7326 322.8624 14.97618661496129
1 20580U 90037B   03006.18387924  .00002300  00000-0  17863-3 0  2889
2 20580  28.4675 319.8796 0004390 168.7326 322.8624 14.97618661496129
1 20580U 90037B   03007.18401134  .00002456  00000-0  19167-3 0  2892
2 20580  28.4676 313.3891 0004505 179.7664 314.5495 14.97623056496274
1 20580U 90037B   03007.18401134  .00002456  00000-0  19167-3 0  2892
2 20580  28.4676 313.3891 0004505 179.7664 314.5495 14.97623056496274
1 20580U 90037B   03007.18401134  .00002456  00000-0  19167-3 0  2892
2 20580  28.4676 313.3891 0004505 179.7664 314.5495 14.97623056496274
1 20580U 90037B   03007.18401134  .00002456  00000-0  19167-3 0  2892
2 20580  28.4676 313.3891 0004505 179.7664 314.5495 14.97623056496274
1 20580U 90037B   03007.18401134  .00002456  00000-0  19167-3 0  2892
2 20580  28.4676 313.3891 0004505 179.7664 314.5495 14.97623056496274
1 20580U 90037B   03007.18401134  .00002456  00000-0  19167-3 0  2892
2 20580  28.4676 313.3891 0004505 179.7664 314.5495 14.97623056496274
1 20580U 90037B   03007.18401134  .00002456  00000-0  19167-3 0  2892
2 20580  28.4676 313.3891 0004505 179.7664 314.5495 14.97623056496274
1 20580U 90037B   03007.18401134  .00002456  00000-0  19167-3 0  2892
2 20580  28.4676 313.3891 0004505 179.7664 314.5495 14.97623056496274
1 20580U 90037B   03007.18401134  .00002456  00000-0  19167-3 0  2892
2 20580  28.4676 313.3891 0004505 179.7664 314.5495 14.97623056496274
1 20580U 90037B   03007.18401134  .00002456  00000-0  19167-3 0  2892
2 20580  28.4676 313.3891 0004505 179.7664 314.5495 14.97623056496274
1 20580U 90037B   03007.18401134  .00002456  00000-0  19167-3 0  2892
2 20580  28.4676 313.3891 0004505 179.7664 314.5495 14.97623056496274
1 20580U 90037B   03007.18401134  .00002456  00000-0  19167-3 0  2892
2 20580  28.4676 313.3891 0004505 179.7664 314.5495 14.97623056496274
1 20580U 90037B   03007.18401134  .00002456  00000-0  19167-3 0  2892
2 20580  28.4676 313.3891 0004505 179.7664 314.5495 14.97623056496274
1 20580U 90037B   03007.18401134  .00002456  00000-0  19167-3 0  2892
2 20580  28.4676 313.3891 0004505 179.7664 314.5495 14.97623056496274
1 20580U 90037B   03007.18401134  .00002456  00000-0  19167-3 0  2892
2 20580  28.4676 313.3891 0004505 179.7664 314.5495 14.97623056496274
1 20580U 90037B   03007.18401134  .00002456  00000-0  19167-3 0  2892
2 20580  28.4676 313.3891 0004505 179.7664 314.5495 14.97623056496274
1 20580U 90037B   03011.83373300  .00004350  00000-0  34968-3 0  2949
2 20580  28.4663 283.1876 0004061 227.5285 184.8720 14.97651165496973
1 20580U 90037B   03013.83815204  .00001575  00000-0  11796-3 0  2967
2 20580  28.4673 270.1681 0003880 247.6565 192.8797 14.97657919497276
1 20580U 90037B   03013.83815204  .00001575  00000-0  11796-3 0  2967
2 20580  28.4673 270.1681 0003880 247.6565 192.8797 14.97657919497276
1 20580U 90037B   03014.11126759  .00004728  00000-0  38105-3 0  2976
2 20580  28.4664 268.3921 0003852 253.8398 222.1237 14.97666481497319
1 20580U 90037B   03014.11126759  .00004728  00000-0  38105-3 0  2976
2 20580  28.4664 268.3921 0003852 253.8398 222.1237 14.97666481497319
1 20580U 90037B   03014.11126759  .00004728  00000-0  38105-3 0  2976
2 20580  28.4664 268.3921 0003852 253.8398 222.1237 14.97666481497319
1 20580U 90037B   03014.11126759  .00004728  00000-0  38105-3 0  2976
2 20580  28.4664 268.3921 0003852 253.8398 222.1237 14.97666481497319
1 20580U 90037B   03014.11126759  .00004728  00000-0  38105-3 0  2976
2 20580  28.4664 268.3921 0003852 253.8398 222.1237 14.97666481497319
1 20580U 90037B   03016.11299206  .00010306  00000-0  84554-3 0  2996
2 20580  28.4668 255.3947 0003826 273.6554 216.0156 14.97686959497619
1 20580U 90037B   03016.11299206  .00010306  00000-0  84554-3 0  2996
2 20580  28.4668 255.3947 0003826 273.6554 216.0156 14.97686959497619
1 20580U 90037B   03016.11299206  .00010306  00000-0  84554-3 0  2996
2 20580  28.4668 255.3947 0003826 273.6554 216.0156 14.97686959497619
1 20580U 90037B   03016.11299206  .00010306  00000-0  84554-3 0  2996
2 20580  28.4668 255.3947 0003826 273.6554 216.0156 14.97686959497619
1 20580U 90037B   03016.11299206  .00010306  00000-0  84554-3 0  2996
2 20580  28.4668 255.3947 0003826 273.6554 216.0156 14.97686959497619
1 20580U 90037B   03016.11299206  .00010306  00000-0  84554-3 0  2996
2 20580  28.4668 255.3947 0003826 273.6554 216.0156 14.97686959497619
1 20580U 90037B   03016.11299206  .00010306  00000-0  84554-3 0  2996
2 20580  28.4668 255.3947 0003826 273.6554 216.0156 14.97686959497619
1 20580U 90037B   03016.11299206  .00010306  00000-0  84554-3 0  2996
2 20580  28.4668 255.3947 0003826 273.6554 216.0156 14.97686959497619
1 20580U 90037B   03016.11299206  .00010306  00000-0  84554-3 0  2996
2 20580  28.4668 255.3947 0003826 273.6554 216.0156 14.97686959497619
1 20580U 90037B   03018.04399382  .00002827  00000-0  22230-3 0  3012
2 20580  28.4665 242.8562 0003741 291.6395 189.7463 14.97686798497909
1 20580U 90037B   03019.84213198  .00002166  00000-0  16711-3 0  3025
2 20580  28.4649 231.1729 0003896 315.2574 160.1443 14.97694237498178
1 20580U 90037B   03019.84213198  .00002166  00000-0  16711-3 0  3025
2 20580  28.4649 231.1729 0003896 315.2574 160.1443 14.97694237498178
1 20580U 90037B   03021.97654544  .00002751  00000-0  21586-3 0  3044
2 20580  28.4653 217.3070 0004036 339.1015 147.0296 14.97704239498499
1 20580U 90037B   03022.83611382  .00001405  00000-0  10363-3 0  3050
2 20580  28.4668 211.7203 0003990 347.7949 101.9937 14.97704666498620
1 20580U 90037B   03024.11481481  .00000711  00000-0  45725-4 0  3069
2 20580  28.4686 203.4159 0004128   0.9738 156.7751 14.97709216498815
1 20580U 90037B   03027.04687500  .00001115  00000-0  79402-4 0  3095
2 20580  28.4658 184.3702 0004000  35.2362 122.5508 14.97720040499256
1 20580U 90037B   03027.04687500  .00001115  00000-0  79402-4 0  3095
2 20580  28.4658 184.3702 0004000  35.2362 122.5508 14.97720040499256
1 20580U 90037B   03027.83971071  .00002252  00000-0  17415-3 0  3101
2 20580  28.4652 179.2222 0004160  42.5206  78.4638 14.97724436499374
1 20580U 90037B   03028.97731481  .00001272  00000-0  92441-4 0  3111
2 20580  28.4652 171.8309 0004235  54.0323  92.7311 14.97726246499546
